标准NEC间隔

电源：	01 FE 03 FC 03 FC	1000 0000 0111 1111 1100 0000 0011 1111 1100 0000 0011 1111
摇头：	01 FE 13 EC 13 EC	1000 0000 0111 1111 1100 1000 0011 0111 1100 1000 0011 0111
风速+：	01 FE 0D F2 0D F2	1000 0000 0111 1111 1011 0000 0100 1111 1011 0000 0100 1111
风速-：	01 FE 11 EE 11 EE	1000 0000 0111 1111 1000 1000 0111 0111 1000 1000 0111 0111
定时：	01 FE 0B F4 0B F4	1000 0000 0111 1111 1101 0000 0010 1111 1101 0000 0010 1111
风类：	01 FE 0F F0 0F F0	1000 0000 0111 1111 1111 0000 0000 1111 1111 0000 0000 1111
三点：	01 FE 2D D2 2D D2	1000 0000 0111 1111 1011 0100 0100 1011 1011 0100 0100 1011

小米万能遥控
风类：	01 FE 06 F9 06 F9	1000 0000 0111 1111 0110 0000 1001 1111 0110 0000 1001 1111